Individual Knowledge type Stats:
              precision    recall  f1-score   support

           0       0.77      1.00      0.87       302
           1       1.00      0.49      0.66        51
           2       1.00      0.49      0.66        71
           3       1.00      0.36      0.53        74
           4       1.00      0.41      0.58        17
           5       1.00      0.27      0.43        33
           6       0.99      0.41      0.58       160
           7       1.00      0.57      0.72        69
           8       1.00      0.52      0.68        91
           9       1.00      0.35      0.52        17
          10       1.00      0.24      0.39        50
          11       0.41      0.99      0.58       127

   micro avg       0.72      0.66      0.69      1062
   macro avg       0.93      0.51      0.60      1062
weighted avg       0.86      0.66      0.67      1062
 samples avg       0.63      0.56      0.58      1062

Hamming Loss:
0.12864077669902912
Average Precision:
0: 0.7684478371501272
1: 0.5533028745478774
2: 0.5803363872555722
3: 0.4789425347677775
4: 0.4360365505425471
5: 0.33097969991173876
6: 0.6344986233879147
7: 0.6380329252849303
8: 0.6232796329883709
9: 0.37964020559680184
10: 0.33223300970873787
11: 0.4069834110542007
