Individual Knowledge type Stats:
              precision    recall  f1-score   support

           0       0.83      1.00      0.91        25
           1       0.00      0.00      0.00         6
           2       0.00      0.00      0.00        16
           3       0.00      0.00      0.00         7
           4       0.00      0.00      0.00         1
           5       0.00      0.00      0.00        10
           6       0.00      0.00      0.00         4
           7       0.00      0.00      0.00         6
           8       0.00      0.00      0.00        12
           9       0.00      0.00      0.00         1
          10       0.00      0.00      0.00         1
          11       0.17      1.00      0.29         5

   micro avg       0.50      0.32      0.39        94
   macro avg       0.08      0.17      0.10        94
weighted avg       0.23      0.32      0.26        94
 samples avg       0.50      0.38      0.41        94

Hamming Loss:
0.2611111111111111
Average Precision:
0: 0.8333333333333334
1: 0.2
2: 0.5333333333333333
3: 0.23333333333333334
4: 0.03333333333333333
5: 0.3333333333333333
6: 0.13333333333333333
7: 0.2
8: 0.4
9: 0.03333333333333333
10: 0.03333333333333333
11: 0.16666666666666666
