Individual Knowledge type Stats:
              precision    recall  f1-score   support

           0       0.83      1.00      0.91        25
           1       0.25      0.50      0.33         6
           2       0.73      0.50      0.59        16
           3       0.40      0.29      0.33         7
           4       0.00      0.00      0.00         1
           5       0.00      0.00      0.00        10
           6       0.00      0.00      0.00         4
           7       0.25      0.17      0.20         6
           8       0.80      0.33      0.47        12
           9       0.00      0.00      0.00         1
          10       0.00      0.00      0.00         1
          11       1.00      0.40      0.57         5

   micro avg       0.58      0.48      0.53        94
   macro avg       0.36      0.27      0.28        94
weighted avg       0.56      0.48      0.49        94
 samples avg       0.70      0.50      0.53        94

Hamming Loss:
0.225
Average Precision:
0: 0.8333333333333334
1: 0.225
2: 0.6303030303030304
3: 0.28095238095238095
4: 0.03333333333333333
5: 0.3333333333333333
6: 0.13333333333333333
7: 0.20833333333333334
8: 0.5333333333333334
9: 0.03333333333333333
10: 0.03333333333333333
11: 0.5
