Individual Knowledge type Stats:
              precision    recall  f1-score   support

           0       1.00      1.00      1.00       302
           1       1.00      1.00      1.00        51
           2       0.99      1.00      0.99        71
           3       1.00      0.99      0.99        74
           4       1.00      1.00      1.00        17
           5       1.00      1.00      1.00        33
           6       0.99      1.00      0.99       160
           7       0.99      0.99      0.99        69
           8       1.00      1.00      1.00        91
           9       1.00      1.00      1.00        17
          10       1.00      1.00      1.00        50
          11       0.99      0.99      0.99       127

   micro avg       0.99      1.00      1.00      1062
   macro avg       1.00      1.00      1.00      1062
weighted avg       0.99      1.00      1.00      1062
 samples avg       0.89      0.89      0.89      1062

Hamming Loss:
0.0020226537216828477
Average Precision:
0: 0.9958156323411126
1: 1.0
2: 0.9861111111111112
3: 0.9889136709525059
4: 1.0
5: 1.0
6: 0.9876543209876543
7: 0.9736517171272251
8: 1.0
9: 1.0
10: 1.0
11: 0.9867411530939567
