Individual Knowledge type Stats:
              precision    recall  f1-score   support

           0       0.83      1.00      0.91        25
           1       0.33      0.50      0.40         6
           2       0.67      0.50      0.57        16
           3       0.50      0.43      0.46         7
           4       0.00      0.00      0.00         1
           5       0.00      0.00      0.00        10
           6       0.00      0.00      0.00         4
           7       0.50      0.17      0.25         6
           8       1.00      0.25      0.40        12
           9       0.00      0.00      0.00         1
          10       0.00      0.00      0.00         1
          11       1.00      0.40      0.57         5

   micro avg       0.64      0.48      0.55        94
   macro avg       0.40      0.27      0.30        94
weighted avg       0.61      0.48      0.50        94
 samples avg       0.74      0.50      0.54        94

Hamming Loss:
0.20555555555555555
Average Precision:
0: 0.8333333333333334
1: 0.26666666666666666
2: 0.6
3: 0.3476190476190476
4: 0.03333333333333333
5: 0.3333333333333333
6: 0.13333333333333333
7: 0.25
8: 0.55
9: 0.03333333333333333
10: 0.03333333333333333
11: 0.5
